-1 0
-1 1
-1 2
-1 3
-1 4
-1 5
-1 6
-1 7
-1 9
-1 10
-1 11
-1 12
-1 16
-1 18
-1 20
-1 30
0 -1
0 1
0 2
0 6
0 12
0 16
0 18
0 20
0 29
1 -1
1 0
1 2
1 6
1 7
1 8
1 12
1 26
1 27
1 31
2 -1
2 0
2 1
2 6
2 11
2 12
3 -1
3 5
3 9
4 -1
4 5
4 9
4 15
5 -1
5 3
5 4
5 15
6 -1
6 0
6 1
6 2
7 -1
7 1
7 29
7 31
7 32
8 1
8 32
9 -1
9 3
9 4
10 -1
11 -1
11 2
12 -1
12 0
12 1
12 2
12 32
13 31
13 32
14 31
14 32
15 4
15 5
16 -1
16 0
17 31
17 32
18 -1
18 0
18 32
19 31
19 32
20 -1
20 0
21 31
22 24
22 26
22 28
22 31
22 32
23 24
23 26
23 30
24 22
24 23
24 30
25 28
25 32
26 1
26 22
26 23
26 32
27 1
27 30
27 32
28 22
28 25
28 31
28 32
29 0
29 7
29 31
29 32
30 -1
30 23
30 24
30 27
30 31
30 32
31 1
31 7
31 13
31 14
31 17
31 19
31 21
31 22
31 28
31 29
31 30
31 32
32 7
32 8
32 12
32 13
32 14
32 17
32 18
32 19
32 22
32 25
32 26
32 27
32 28
32 29
32 30
32 31
